Estrategia: ProfundidadSimple
 
Terreno de 3 filas y 4 columnas.
Tiempo que tarda en ejecutarse el algoritmo: 21976 ms.


Solucion: 

1 0 5 8 4 3
5 5 5 5 
2 8 6 4 
2 2 8 8 
1 0 (0 0 1),(0 1 0),

1 1 5 8 4 3
5 5 5 5 
2 8 6 4 
2 2 8 8 
1 1 (0 2 0),(0 1 1),(0 0 0),

1 2 5 8 4 3
5 5 5 5 
5 5 6 4 
2 2 8 8 
1 2 (0 2 1),(3 1 0),(0 0 1),(0 1 2),

2 2 5 8 4 3
5 5 5 5 
5 5 5 5 
2 2 8 8 
2 2 (0 2 2),(0 1 1),(0 0 2),(1 1 3),

2 3 5 8 4 3
5 5 5 5 
5 5 5 5 
2 5 5 8 
2 3 (3 2 1),(0 2 3),(0 1 2),

2 2 5 8 4 3
5 5 5 5 
5 5 5 5 
2 5 8 5 
2 2 (3 2 2),(0 1 3),

2 1 5 8 4 3
5 5 5 5 
5 5 5 5 
2 8 5 5 
2 1 (3 2 1),(0 2 3),(0 1 2),

1 1 5 8 4 3
5 5 5 5 
5 5 5 5 
5 5 5 5 
1 1 (3 2 0),(0 2 2),(0 1 1),

